Account_ID,City,Total_Age_Days,Idle_Days,Device_ID,Txn_Velocity_Mins,Txn_Value_INR,Risk_Score,Risk_Level
7000,Ranchi,58,66,DEV_MULE_HUB_99,12,50000,14,RED ALERT (High Risk)
7001,Delhi,115,1,DEV_204,2353,1924,0,GREEN (Low Risk)
7002,Patna,217,0,DEV_130,503,4082,0,GREEN (Low Risk)
7003,Delhi,259,4,DEV_127,2418,3757,0,GREEN (Low Risk)
7004,Ranchi,333,5,DEV_658,1838,4111,0,GREEN (Low Risk)
7005,Kolkata,302,2,DEV_106,773,11938,0,GREEN (Low Risk)
7006,Kolkata,175,2,DEV_259,1001,13009,0,GREEN (Low Risk)
7007,Bengaluru,53,0,DEV_489,516,6381,0,GREEN (Low Risk)
7008,Bengaluru,310,2,DEV_144,2001,9285,0,GREEN (Low Risk)
7009,Mumbai,194,0,DEV_665,1320,14088,0,GREEN (Low Risk)
7010,Ranchi,317,2,DEV_691,907,12043,0,GREEN (Low Risk)
7011,Mumbai,24,5,DEV_333,1305,1807,0,GREEN (Low Risk)
7012,Delhi,52,3,DEV_384,1977,10915,0,GREEN (Low Risk)
7013,Bengaluru,84,2,DEV_463,978,11480,0,GREEN (Low Risk)
7014,Bengaluru,360,5,DEV_763,412,10480,0,GREEN (Low Risk)
7015,Ranchi,88,196,DEV_MULE_HUB_99,12,20000,14,RED ALERT (High Risk)
7016,Delhi,237,3,DEV_376,2741,11774,0,GREEN (Low Risk)
7017,Patna,113,5,DEV_432,349,4252,0,GREEN (Low Risk)
7018,Mumbai,162,3,DEV_374,391,3956,0,GREEN (Low Risk)
7019,Patna,162,1,DEV_771,2164,6982,0,GREEN (Low Risk)
7020,Ranchi,235,1,DEV_371,691,4540,0,GREEN (Low Risk)
7021,Ranchi,288,4,DEV_369,2514,7519,0,GREEN (Low Risk)
7022,Patna,205,2,DEV_324,686,8848,0,GREEN (Low Risk)
7023,Kolkata,47,0,DEV_212,746,10780,0,GREEN (Low Risk)
7024,Delhi,349,3,DEV_710,380,6804,0,GREEN (Low Risk)
7025,Kolkata,306,3,DEV_641,1149,9564,0,GREEN (Low Risk)
7026,Mumbai,349,5,DEV_217,2319,12802,0,GREEN (Low Risk)
7027,Bengaluru,329,2,DEV_214,1322,7623,0,GREEN (Low Risk)
7028,Delhi,233,0,DEV_369,2170,12983,0,GREEN (Low Risk)
7029,Delhi,260,0,DEV_740,1342,14289,0,GREEN (Low Risk)
7030,Ranchi,260,110,DEV_MULE_HUB_99,3,50000,14,RED ALERT (High Risk)
7031,Delhi,277,4,DEV_100,2573,5810,0,GREEN (Low Risk)
7032,Kolkata,10,0,DEV_471,1379,4423,0,GREEN (Low Risk)
7033,Mumbai,124,4,DEV_180,470,12491,0,GREEN (Low Risk)
7034,Kolkata,36,4,DEV_228,645,11309,0,GREEN (Low Risk)
7035,Kolkata,282,1,DEV_371,2281,14793,0,GREEN (Low Risk)
7036,Patna,217,1,DEV_652,943,12180,0,GREEN (Low Risk)
7037,Bengaluru,205,5,DEV_765,1649,7677,0,GREEN (Low Risk)
7038,Patna,232,0,DEV_353,1040,1549,0,GREEN (Low Risk)
7039,Bengaluru,11,4,DEV_667,1062,10141,0,GREEN (Low Risk)
7040,Delhi,4,0,DEV_746,361,4250,0,GREEN (Low Risk)
7041,Mumbai,17,2,DEV_172,2225,4399,0,GREEN (Low Risk)
7042,Bengaluru,343,3,DEV_319,2328,2667,0,GREEN (Low Risk)
7043,Ranchi,293,4,DEV_584,1115,13355,0,GREEN (Low Risk)
7044,Kolkata,209,1,DEV_196,517,11296,0,GREEN (Low Risk)
7045,Kolkata,182,168,DEV_MULE_HUB_99,7,50000,14,RED ALERT (High Risk)
7046,Ranchi,28,5,DEV_769,2766,2112,0,GREEN (Low Risk)
7047,Mumbai,207,5,DEV_447,567,4573,0,GREEN (Low Risk)
7048,Delhi,98,4,DEV_559,694,7412,0,GREEN (Low Risk)
7049,Delhi,143,3,DEV_355,428,7760,0,GREEN (Low Risk)
7050,Patna,51,0,DEV_767,2334,14197,0,GREEN (Low Risk)
7051,Mumbai,48,1,DEV_270,1784,8456,0,GREEN (Low Risk)
7052,Kolkata,110,3,DEV_160,794,6709,0,GREEN (Low Risk)
7053,Mumbai,200,2,DEV_565,1288,7430,0,GREEN (Low Risk)
7054,Ranchi,285,5,DEV_598,754,3611,0,GREEN (Low Risk)
7055,Bengaluru,112,0,DEV_693,2340,1498,0,GREEN (Low Risk)
7056,Ranchi,161,0,DEV_151,2512,8311,0,GREEN (Low Risk)
7057,Patna,272,1,DEV_158,2200,1812,0,GREEN (Low Risk)
7058,Delhi,36,4,DEV_169,1083,7115,0,GREEN (Low Risk)
7059,Mumbai,292,1,DEV_692,2555,1151,0,GREEN (Low Risk)
7060,Patna,42,167,DEV_MULE_HUB_99,11,100000,14,RED ALERT (High Risk)
7061,Patna,268,2,DEV_367,956,11472,0,GREEN (Low Risk)
7062,Ranchi,161,1,DEV_371,1741,2644,0,GREEN (Low Risk)
7063,Ranchi,331,2,DEV_568,1415,12818,0,GREEN (Low Risk)
7064,Mumbai,5,3,DEV_736,2426,2138,0,GREEN (Low Risk)
7065,Mumbai,276,1,DEV_618,1206,2670,0,GREEN (Low Risk)
7066,Bengaluru,36,1,DEV_478,1287,3084,0,GREEN (Low Risk)
7067,Kolkata,279,5,DEV_409,2625,13723,0,GREEN (Low Risk)
7068,Ranchi,271,0,DEV_783,2391,5405,0,GREEN (Low Risk)
7069,Ranchi,54,1,DEV_370,592,2253,0,GREEN (Low Risk)
7070,Ranchi,284,1,DEV_378,1274,10409,0,GREEN (Low Risk)
7071,Delhi,176,1,DEV_749,1201,8780,0,GREEN (Low Risk)
7072,Kolkata,129,0,DEV_194,2718,7439,0,GREEN (Low Risk)
7073,Bengaluru,23,0,DEV_441,655,10938,0,GREEN (Low Risk)
7074,Bengaluru,83,5,DEV_552,2379,12061,0,GREEN (Low Risk)
7075,Kolkata,288,62,DEV_MULE_HUB_99,2,20000,14,RED ALERT (High Risk)
7076,Ranchi,77,4,DEV_136,1632,10043,0,GREEN (Low Risk)
7077,Patna,76,3,DEV_230,291,5550,0,GREEN (Low Risk)
7078,Bengaluru,21,2,DEV_315,1142,11427,0,GREEN (Low Risk)
7079,Mumbai,182,4,DEV_516,2662,12779,0,GREEN (Low Risk)
7080,Delhi,122,1,DEV_281,1808,906,0,GREEN (Low Risk)
7081,Delhi,171,3,DEV_785,1136,4871,0,GREEN (Low Risk)
7082,Delhi,360,0,DEV_491,278,14567,0,GREEN (Low Risk)
7083,Kolkata,114,1,DEV_571,1552,5500,0,GREEN (Low Risk)
7084,Delhi,115,0,DEV_775,911,7028,0,GREEN (Low Risk)
7085,Bengaluru,143,0,DEV_385,1558,11010,0,GREEN (Low Risk)
7086,Patna,205,5,DEV_649,1476,952,0,GREEN (Low Risk)
7087,Mumbai,134,1,DEV_694,1207,1126,0,GREEN (Low Risk)
7088,Mumbai,306,3,DEV_453,1404,7649,0,GREEN (Low Risk)
7089,Patna,262,0,DEV_494,2481,3614,0,GREEN (Low Risk)
7090,Bengaluru,23,171,DEV_MULE_HUB_99,1,100000,14,RED ALERT (High Risk)
7091,Patna,352,5,DEV_786,927,6467,0,GREEN (Low Risk)
7092,Kolkata,36,5,DEV_438,2672,5643,0,GREEN (Low Risk)
7093,Ranchi,64,5,DEV_407,2197,5567,0,GREEN (Low Risk)
7094,Ranchi,210,2,DEV_512,1331,9583,0,GREEN (Low Risk)
7095,Delhi,99,3,DEV_780,1672,11597,0,GREEN (Low Risk)
7096,Ranchi,90,4,DEV_682,1352,7153,0,GREEN (Low Risk)
7097,Patna,1,2,DEV_393,980,7543,0,GREEN (Low Risk)
7098,Patna,311,5,DEV_429,2024,7738,0,GREEN (Low Risk)
7099,Kolkata,346,1,DEV_623,2058,13504,0,GREEN (Low Risk)
7100,Ranchi,87,5,DEV_186,1282,8945,0,GREEN (Low Risk)
7101,Ranchi,325,4,DEV_443,502,13909,0,GREEN (Low Risk)
7102,Delhi,345,2,DEV_330,935,2914,0,GREEN (Low Risk)
7103,Mumbai,24,1,DEV_586,2623,14422,0,GREEN (Low Risk)
7104,Mumbai,234,3,DEV_744,2477,3685,0,GREEN (Low Risk)
7105,Ranchi,357,158,DEV_MULE_HUB_99,8,50000,14,RED ALERT (High Risk)
7106,Delhi,76,5,DEV_105,556,13253,0,GREEN (Low Risk)
7107,Kolkata,113,1,DEV_630,2022,1322,0,GREEN (Low Risk)
7108,Patna,128,0,DEV_567,666,13630,0,GREEN (Low Risk)
7109,Kolkata,342,4,DEV_672,2558,5698,0,GREEN (Low Risk)
7110,Kolkata,314,5,DEV_616,1867,14108,0,GREEN (Low Risk)
7111,Patna,229,1,DEV_586,1963,4746,0,GREEN (Low Risk)
7112,Delhi,327,2,DEV_633,2104,10768,0,GREEN (Low Risk)
7113,Delhi,141,3,DEV_179,1290,4341,0,GREEN (Low Risk)
7114,Bengaluru,172,2,DEV_653,450,2767,0,GREEN (Low Risk)
7115,Delhi,119,3,DEV_256,996,1552,0,GREEN (Low Risk)
7116,Kolkata,209,2,DEV_655,2028,7312,0,GREEN (Low Risk)
7117,Mumbai,106,3,DEV_498,2512,11895,0,GREEN (Low Risk)
7118,Mumbai,295,3,DEV_588,144,6263,0,GREEN (Low Risk)
7119,Bengaluru,200,3,DEV_651,2356,13605,0,GREEN (Low Risk)
7120,Patna,113,184,DEV_MULE_HUB_99,4,50000,14,RED ALERT (High Risk)
7121,Kolkata,249,0,DEV_498,1496,11458,0,GREEN (Low Risk)
7122,Ranchi,208,5,DEV_269,2034,2591,0,GREEN (Low Risk)
7123,Patna,274,0,DEV_503,2544,9746,0,GREEN (Low Risk)
7124,Ranchi,14,0,DEV_758,1875,2723,0,GREEN (Low Risk)
7125,Kolkata,94,0,DEV_366,1672,5863,0,GREEN (Low Risk)
7126,Delhi,233,2,DEV_445,1672,5058,0,GREEN (Low Risk)
7127,Kolkata,130,0,DEV_581,199,12772,0,GREEN (Low Risk)
7128,Patna,27,2,DEV_329,2782,1624,0,GREEN (Low Risk)
7129,Ranchi,21,0,DEV_353,936,14249,0,GREEN (Low Risk)
7130,Mumbai,319,1,DEV_344,637,8258,0,GREEN (Low Risk)
7131,Ranchi,59,4,DEV_323,2024,11960,0,GREEN (Low Risk)
7132,Bengaluru,189,1,DEV_720,2607,12754,0,GREEN (Low Risk)
7133,Ranchi,59,1,DEV_418,562,9981,0,GREEN (Low Risk)
7134,Mumbai,160,4,DEV_793,1657,6998,0,GREEN (Low Risk)
7135,Ranchi,102,79,DEV_MULE_HUB_99,10,100000,14,RED ALERT (High Risk)
7136,Ranchi,125,0,DEV_408,2579,13697,0,GREEN (Low Risk)
7137,Mumbai,290,0,DEV_455,2302,7518,0,GREEN (Low Risk)
7138,Ranchi,190,0,DEV_618,2772,6090,0,GREEN (Low Risk)
7139,Mumbai,216,3,DEV_208,1895,6434,0,GREEN (Low Risk)
7140,Ranchi,236,5,DEV_256,1903,3385,0,GREEN (Low Risk)
7141,Ranchi,268,5,DEV_376,2642,13741,0,GREEN (Low Risk)
7142,Patna,248,3,DEV_546,2546,4897,0,GREEN (Low Risk)
7143,Bengaluru,126,0,DEV_385,1966,4495,0,GREEN (Low Risk)
7144,Kolkata,292,4,DEV_784,1672,6011,0,GREEN (Low Risk)
7145,Mumbai,254,2,DEV_286,2117,3975,0,GREEN (Low Risk)
7146,Bengaluru,133,2,DEV_386,2561,11988,0,GREEN (Low Risk)
7147,Bengaluru,285,0,DEV_629,902,1902,0,GREEN (Low Risk)
7148,Delhi,209,3,DEV_668,1104,11814,0,GREEN (Low Risk)
7149,Kolkata,331,5,DEV_602,1955,13491,0,GREEN (Low Risk)
7150,Mumbai,48,135,DEV_MULE_HUB_99,4,50000,14,RED ALERT (High Risk)
7151,Ranchi,125,2,DEV_779,2502,6546,0,GREEN (Low Risk)
7152,Kolkata,284,4,DEV_452,1862,12721,0,GREEN (Low Risk)
7153,Patna,170,2,DEV_564,1229,5523,0,GREEN (Low Risk)
7154,Bengaluru,119,0,DEV_297,1412,2458,0,GREEN (Low Risk)
7155,Ranchi,275,5,DEV_289,904,4045,0,GREEN (Low Risk)
7156,Ranchi,248,2,DEV_703,2268,10277,0,GREEN (Low Risk)
7157,Bengaluru,52,1,DEV_403,1051,6412,0,GREEN (Low Risk)
7158,Delhi,155,0,DEV_646,638,4994,0,GREEN (Low Risk)
7159,Mumbai,28,4,DEV_399,637,10950,0,GREEN (Low Risk)
7160,Kolkata,53,0,DEV_687,1284,8190,0,GREEN (Low Risk)
7161,Kolkata,226,2,DEV_288,330,4636,0,GREEN (Low Risk)
7162,Kolkata,59,0,DEV_510,2134,1713,0,GREEN (Low Risk)
7163,Patna,323,5,DEV_154,741,2944,0,GREEN (Low Risk)
7164,Patna,156,0,DEV_354,605,9643,0,GREEN (Low Risk)
7165,Kolkata,311,117,DEV_MULE_HUB_99,9,50000,14,RED ALERT (High Risk)
7166,Kolkata,227,2,DEV_702,1876,5503,0,GREEN (Low Risk)
7167,Patna,318,0,DEV_724,526,12996,0,GREEN (Low Risk)
7168,Delhi,321,1,DEV_370,2825,1830,0,GREEN (Low Risk)
7169,Delhi,123,1,DEV_665,427,3064,0,GREEN (Low Risk)
7170,Mumbai,210,3,DEV_708,2044,5271,0,GREEN (Low Risk)
7171,Mumbai,119,2,DEV_389,1979,1666,0,GREEN (Low Risk)
7172,Ranchi,120,2,DEV_740,2535,11332,0,GREEN (Low Risk)
7173,Delhi,218,0,DEV_657,1040,11110,0,GREEN (Low Risk)
7174,Delhi,137,1,DEV_173,364,3218,0,GREEN (Low Risk)
7175,Bengaluru,305,5,DEV_682,1302,7695,0,GREEN (Low Risk)
7176,Mumbai,240,5,DEV_411,1768,4960,0,GREEN (Low Risk)
7177,Patna,277,3,DEV_548,449,10298,0,GREEN (Low Risk)
7178,Mumbai,222,5,DEV_430,2592,4602,0,GREEN (Low Risk)
7179,Mumbai,47,1,DEV_790,2476,10119,0,GREEN (Low Risk)
7180,Mumbai,345,128,DEV_MULE_HUB_99,10,20000,14,RED ALERT (High Risk)
7181,Delhi,241,4,DEV_767,1931,5057,0,GREEN (Low Risk)
7182,Delhi,300,3,DEV_750,2134,1994,0,GREEN (Low Risk)
7183,Kolkata,179,3,DEV_441,1435,11479,0,GREEN (Low Risk)
7184,Mumbai,83,2,DEV_521,2149,5222,0,GREEN (Low Risk)
7185,Ranchi,206,4,DEV_137,1982,1942,0,GREEN (Low Risk)
7186,Bengaluru,130,2,DEV_218,1775,14670,0,GREEN (Low Risk)
7187,Patna,1,5,DEV_655,2012,7270,0,GREEN (Low Risk)
7188,Mumbai,97,4,DEV_470,2670,12893,0,GREEN (Low Risk)
7189,Kolkata,321,3,DEV_152,953,4875,0,GREEN (Low Risk)
7190,Patna,68,2,DEV_548,2105,2489,0,GREEN (Low Risk)
7191,Mumbai,323,4,DEV_345,768,5591,0,GREEN (Low Risk)
7192,Patna,8,4,DEV_517,501,4181,0,GREEN (Low Risk)
7193,Mumbai,237,0,DEV_763,750,8665,0,GREEN (Low Risk)
7194,Ranchi,150,4,DEV_379,1821,14176,0,GREEN (Low Risk)
7195,Kolkata,242,122,DEV_MULE_HUB_99,8,100000,14,RED ALERT (High Risk)
7196,Delhi,197,1,DEV_713,2201,12727,0,GREEN (Low Risk)
7197,Delhi,36,2,DEV_524,1512,13405,0,GREEN (Low Risk)
7198,Patna,137,0,DEV_389,1342,14221,0,GREEN (Low Risk)
7199,Patna,297,5,DEV_601,728,7816,0,GREEN (Low Risk)
7200,Patna,248,2,DEV_440,2380,12998,0,GREEN (Low Risk)
7201,Patna,194,3,DEV_429,892,11927,0,GREEN (Low Risk)
7202,Delhi,293,3,DEV_339,1802,1215,0,GREEN (Low Risk)
7203,Bengaluru,243,5,DEV_490,1701,11373,0,GREEN (Low Risk)
7204,Ranchi,78,3,DEV_137,637,8729,0,GREEN (Low Risk)
7205,Patna,170,0,DEV_550,528,9117,0,GREEN (Low Risk)
7206,Kolkata,8,5,DEV_247,1799,14769,0,GREEN (Low Risk)
7207,Ranchi,80,0,DEV_580,1205,6046,0,GREEN (Low Risk)
7208,Patna,355,3,DEV_765,448,14455,0,GREEN (Low Risk)
7209,Bengaluru,346,4,DEV_489,1417,10769,0,GREEN (Low Risk)
7210,Ranchi,250,198,DEV_MULE_HUB_99,1,100000,14,RED ALERT (High Risk)
7211,Mumbai,121,5,DEV_800,1297,4227,0,GREEN (Low Risk)
7212,Ranchi,47,3,DEV_200,2715,12032,0,GREEN (Low Risk)
7213,Mumbai,228,1,DEV_406,238,1253,0,GREEN (Low Risk)
7214,Bengaluru,29,2,DEV_467,1655,7556,0,GREEN (Low Risk)
7215,Delhi,126,4,DEV_521,2438,11670,0,GREEN (Low Risk)
7216,Delhi,88,1,DEV_180,2616,14767,0,GREEN (Low Risk)
7217,Kolkata,318,5,DEV_346,2158,10054,0,GREEN (Low Risk)
7218,Delhi,119,3,DEV_753,1160,8029,0,GREEN (Low Risk)
7219,Bengaluru,342,0,DEV_576,1298,11601,0,GREEN (Low Risk)
7220,Patna,81,0,DEV_552,1535,10126,0,GREEN (Low Risk)
7221,Bengaluru,328,3,DEV_356,1991,14349,0,GREEN (Low Risk)
7222,Bengaluru,102,3,DEV_594,556,4386,0,GREEN (Low Risk)
7223,Kolkata,293,2,DEV_688,1331,11956,0,GREEN (Low Risk)
7224,Bengaluru,12,5,DEV_505,1244,632,0,GREEN (Low Risk)
7225,Patna,352,72,DEV_MULE_HUB_99,10,100000,14,RED ALERT (High Risk)
7226,Kolkata,147,1,DEV_721,1563,4088,0,GREEN (Low Risk)
7227,Ranchi,98,4,DEV_356,2820,11655,0,GREEN (Low Risk)
7228,Delhi,322,0,DEV_742,2767,1145,0,GREEN (Low Risk)
7229,Bengaluru,226,0,DEV_693,1614,12498,0,GREEN (Low Risk)
7230,Delhi,47,2,DEV_434,1821,3377,0,GREEN (Low Risk)
7231,Delhi,68,4,DEV_474,2294,8721,0,GREEN (Low Risk)
7232,Bengaluru,85,2,DEV_593,1328,12731,0,GREEN (Low Risk)
7233,Bengaluru,59,3,DEV_177,696,12856,0,GREEN (Low Risk)
7234,Delhi,347,5,DEV_790,1747,14356,0,GREEN (Low Risk)
7235,Patna,188,0,DEV_504,177,4832,0,GREEN (Low Risk)
7236,Patna,64,3,DEV_477,2875,12771,0,GREEN (Low Risk)
7237,Ranchi,135,4,DEV_490,2735,6586,0,GREEN (Low Risk)
7238,Mumbai,346,1,DEV_582,222,10650,0,GREEN (Low Risk)
7239,Patna,168,4,DEV_326,2772,1535,0,GREEN (Low Risk)
7240,Ranchi,238,137,DEV_MULE_HUB_99,11,50000,14,RED ALERT (High Risk)
7241,Mumbai,72,0,DEV_138,1366,8571,0,GREEN (Low Risk)
7242,Mumbai,50,1,DEV_650,675,6867,0,GREEN (Low Risk)
7243,Kolkata,190,5,DEV_653,1836,10122,0,GREEN (Low Risk)
7244,Ranchi,80,3,DEV_770,525,14159,0,GREEN (Low Risk)
7245,Kolkata,316,3,DEV_386,254,11809,0,GREEN (Low Risk)
7246,Bengaluru,112,3,DEV_555,1087,14515,0,GREEN (Low Risk)
7247,Bengaluru,51,5,DEV_476,2350,11064,0,GREEN (Low Risk)
7248,Bengaluru,32,3,DEV_382,897,2501,0,GREEN (Low Risk)
7249,Kolkata,47,5,DEV_317,2748,10977,0,GREEN (Low Risk)
7250,Patna,11,0,DEV_441,1117,2563,0,GREEN (Low Risk)
7251,Patna,106,0,DEV_667,968,10107,0,GREEN (Low Risk)
7252,Delhi,120,2,DEV_251,2561,546,0,GREEN (Low Risk)
7253,Bengaluru,75,1,DEV_653,1146,13582,0,GREEN (Low Risk)
7254,Delhi,57,5,DEV_126,659,743,0,GREEN (Low Risk)
7255,Bengaluru,122,142,DEV_MULE_HUB_99,1,20000,14,RED ALERT (High Risk)
7256,Bengaluru,27,1,DEV_531,2274,2362,0,GREEN (Low Risk)
7257,Ranchi,33,3,DEV_559,1602,8908,0,GREEN (Low Risk)
7258,Patna,56,3,DEV_615,1027,10577,0,GREEN (Low Risk)
7259,Mumbai,338,4,DEV_408,1996,11040,0,GREEN (Low Risk)
7260,Mumbai,32,3,DEV_511,1866,11741,0,GREEN (Low Risk)
7261,Mumbai,252,5,DEV_554,421,1823,0,GREEN (Low Risk)
7262,Bengaluru,312,1,DEV_167,636,5005,0,GREEN (Low Risk)
7263,Patna,325,4,DEV_661,1451,6740,0,GREEN (Low Risk)
7264,Patna,272,2,DEV_564,2190,10419,0,GREEN (Low Risk)
7265,Kolkata,51,5,DEV_217,2801,11164,0,GREEN (Low Risk)
7266,Patna,111,3,DEV_562,1055,7279,0,GREEN (Low Risk)
7267,Bengaluru,233,3,DEV_525,509,5620,0,GREEN (Low Risk)
7268,Kolkata,161,5,DEV_361,1653,3000,0,GREEN (Low Risk)
7269,Ranchi,243,0,DEV_193,469,2027,0,GREEN (Low Risk)
7270,Kolkata,50,155,DEV_MULE_HUB_99,3,100000,14,RED ALERT (High Risk)
7271,Mumbai,301,4,DEV_675,1470,11477,0,GREEN (Low Risk)
7272,Mumbai,211,2,DEV_781,1852,14722,0,GREEN (Low Risk)
7273,Ranchi,27,2,DEV_714,1399,6261,0,GREEN (Low Risk)
7274,Mumbai,296,4,DEV_317,753,11259,0,GREEN (Low Risk)
7275,Kolkata,115,0,DEV_458,2398,6522,0,GREEN (Low Risk)
7276,Mumbai,143,4,DEV_331,1877,14347,0,GREEN (Low Risk)
7277,Patna,319,4,DEV_791,2752,9621,0,GREEN (Low Risk)
7278,Mumbai,312,5,DEV_373,238,3455,0,GREEN (Low Risk)
7279,Bengaluru,360,2,DEV_447,1557,600,0,GREEN (Low Risk)
7280,Delhi,74,4,DEV_773,1761,1640,0,GREEN (Low Risk)
7281,Delhi,325,0,DEV_193,2292,4024,0,GREEN (Low Risk)
7282,Kolkata,215,3,DEV_449,764,6562,0,GREEN (Low Risk)
7283,Bengaluru,167,4,DEV_710,467,14972,0,GREEN (Low Risk)
7284,Mumbai,80,1,DEV_732,323,11542,0,GREEN (Low Risk)
7285,Mumbai,140,173,DEV_MULE_HUB_99,11,50000,14,RED ALERT (High Risk)
7286,Kolkata,311,3,DEV_524,1238,4031,0,GREEN (Low Risk)
7287,Patna,59,2,DEV_540,574,5140,0,GREEN (Low Risk)
7288,Ranchi,348,4,DEV_598,2278,11430,0,GREEN (Low Risk)
7289,Bengaluru,24,1,DEV_504,2574,1397,0,GREEN (Low Risk)
7290,Mumbai,105,2,DEV_316,682,13020,0,GREEN (Low Risk)
7291,Bengaluru,149,2,DEV_222,151,8649,0,GREEN (Low Risk)
7292,Ranchi,221,1,DEV_232,1677,9225,0,GREEN (Low Risk)
7293,Ranchi,118,4,DEV_672,2856,13708,0,GREEN (Low Risk)
7294,Bengaluru,37,3,DEV_143,1906,807,0,GREEN (Low Risk)
7295,Kolkata,40,2,DEV_689,1878,9894,0,GREEN (Low Risk)
7296,Kolkata,364,5,DEV_527,1305,2387,0,GREEN (Low Risk)
7297,Kolkata,11,2,DEV_275,2651,8038,0,GREEN (Low Risk)
7298,Ranchi,186,0,DEV_547,553,4486,0,GREEN (Low Risk)
7299,Kolkata,302,3,DEV_636,442,6984,0,GREEN (Low Risk)
7300,Bengaluru,174,116,DEV_MULE_HUB_99,6,20000,14,RED ALERT (High Risk)
7301,Mumbai,262,5,DEV_216,2293,8855,0,GREEN (Low Risk)
7302,Delhi,179,2,DEV_760,724,4371,0,GREEN (Low Risk)
7303,Mumbai,75,2,DEV_302,830,10369,0,GREEN (Low Risk)
7304,Delhi,336,0,DEV_281,2692,8595,0,GREEN (Low Risk)
7305,Kolkata,289,4,DEV_559,2432,11034,0,GREEN (Low Risk)
7306,Ranchi,320,2,DEV_742,1414,2973,0,GREEN (Low Risk)
7307,Kolkata,35,3,DEV_552,2706,5461,0,GREEN (Low Risk)
7308,Bengaluru,303,0,DEV_460,2198,1715,0,GREEN (Low Risk)
7309,Bengaluru,237,3,DEV_138,353,6541,0,GREEN (Low Risk)
7310,Bengaluru,40,5,DEV_192,2639,10233,0,GREEN (Low Risk)
7311,Patna,197,3,DEV_694,2390,13473,0,GREEN (Low Risk)
7312,Ranchi,22,3,DEV_685,2789,3584,0,GREEN (Low Risk)
7313,Bengaluru,310,3,DEV_613,737,1513,0,GREEN (Low Risk)
7314,Kolkata,53,2,DEV_186,2186,11086,0,GREEN (Low Risk)
7315,Delhi,21,123,DEV_MULE_HUB_99,12,50000,14,RED ALERT (High Risk)
7316,Kolkata,269,4,DEV_724,770,6462,0,GREEN (Low Risk)
7317,Bengaluru,145,3,DEV_518,1505,11623,0,GREEN (Low Risk)
7318,Patna,27,5,DEV_762,1490,1579,0,GREEN (Low Risk)
7319,Bengaluru,49,4,DEV_794,1703,5155,0,GREEN (Low Risk)
7320,Bengaluru,337,4,DEV_253,1485,1835,0,GREEN (Low Risk)
7321,Patna,340,1,DEV_458,1390,11248,0,GREEN (Low Risk)
7322,Ranchi,340,3,DEV_232,2557,12113,0,GREEN (Low Risk)
7323,Mumbai,159,4,DEV_485,2755,13470,0,GREEN (Low Risk)
7324,Bengaluru,66,5,DEV_639,502,11084,0,GREEN (Low Risk)
7325,Ranchi,217,4,DEV_470,194,6440,0,GREEN (Low Risk)
7326,Bengaluru,93,1,DEV_449,2111,3645,0,GREEN (Low Risk)
7327,Delhi,71,1,DEV_179,1331,14335,0,GREEN (Low Risk)
7328,Mumbai,260,4,DEV_639,274,11345,0,GREEN (Low Risk)
7329,Bengaluru,317,1,DEV_711,1663,3027,0,GREEN (Low Risk)
7330,Delhi,93,102,DEV_MULE_HUB_99,12,50000,14,RED ALERT (High Risk)
7331,Mumbai,211,2,DEV_792,1092,7777,0,GREEN (Low Risk)
7332,Patna,146,5,DEV_559,1078,9249,0,GREEN (Low Risk)
7333,Delhi,159,3,DEV_298,1626,11613,0,GREEN (Low Risk)
7334,Patna,226,3,DEV_388,1684,8739,0,GREEN (Low Risk)
7335,Patna,215,1,DEV_304,2596,2767,0,GREEN (Low Risk)
7336,Bengaluru,27,5,DEV_592,1640,9585,0,GREEN (Low Risk)
7337,Mumbai,365,4,DEV_227,1287,1874,0,GREEN (Low Risk)
7338,Delhi,140,3,DEV_625,723,14115,0,GREEN (Low Risk)
7339,Kolkata,47,1,DEV_561,1551,936,0,GREEN (Low Risk)
7340,Kolkata,28,3,DEV_614,1651,4362,0,GREEN (Low Risk)
7341,Kolkata,42,2,DEV_329,235,5721,0,GREEN (Low Risk)
7342,Mumbai,333,2,DEV_249,683,1127,0,GREEN (Low Risk)
7343,Bengaluru,242,5,DEV_242,2041,7849,0,GREEN (Low Risk)
7344,Patna,3,0,DEV_119,1168,4033,0,GREEN (Low Risk)
7345,Delhi,281,195,DEV_MULE_HUB_99,7,20000,14,RED ALERT (High Risk)
7346,Bengaluru,122,2,DEV_224,315,4406,0,GREEN (Low Risk)
7347,Kolkata,328,4,DEV_568,377,2316,0,GREEN (Low Risk)
7348,Kolkata,306,4,DEV_116,2708,8943,0,GREEN (Low Risk)
7349,Patna,124,5,DEV_247,1313,7532,0,GREEN (Low Risk)
7350,Mumbai,315,2,DEV_346,2457,7325,0,GREEN (Low Risk)
7351,Delhi,341,5,DEV_187,2264,6408,0,GREEN (Low Risk)
7352,Mumbai,270,4,DEV_619,2199,9579,0,GREEN (Low Risk)
7353,Mumbai,200,3,DEV_144,2723,6838,0,GREEN (Low Risk)
7354,Bengaluru,130,5,DEV_116,1582,13419,0,GREEN (Low Risk)
7355,Mumbai,177,1,DEV_772,2693,2198,0,GREEN (Low Risk)
7356,Patna,171,1,DEV_145,1563,9445,0,GREEN (Low Risk)
7357,Bengaluru,330,1,DEV_575,2080,10850,0,GREEN (Low Risk)
7358,Delhi,70,0,DEV_568,271,5307,0,GREEN (Low Risk)
7359,Delhi,23,1,DEV_142,1412,5580,0,GREEN (Low Risk)
7360,Patna,204,199,DEV_MULE_HUB_99,8,50000,14,RED ALERT (High Risk)
7361,Mumbai,332,1,DEV_392,1582,14625,0,GREEN (Low Risk)
7362,Mumbai,336,2,DEV_379,629,13596,0,GREEN (Low Risk)
7363,Bengaluru,224,3,DEV_550,1703,6054,0,GREEN (Low Risk)
7364,Delhi,255,5,DEV_609,1624,13562,0,GREEN (Low Risk)
7365,Patna,137,0,DEV_534,443,7555,0,GREEN (Low Risk)
7366,Patna,93,4,DEV_400,1435,2180,0,GREEN (Low Risk)
7367,Mumbai,168,5,DEV_402,1375,7805,0,GREEN (Low Risk)
7368,Patna,219,1,DEV_554,1559,7825,0,GREEN (Low Risk)
7369,Mumbai,181,4,DEV_545,1244,10977,0,GREEN (Low Risk)
7370,Mumbai,39,5,DEV_752,1783,6452,0,GREEN (Low Risk)
7371,Patna,348,1,DEV_131,704,14404,0,GREEN (Low Risk)
7372,Patna,348,3,DEV_135,637,1601,0,GREEN (Low Risk)
7373,Delhi,331,2,DEV_470,1688,9793,0,GREEN (Low Risk)
7374,Mumbai,310,1,DEV_795,1962,6577,0,GREEN (Low Risk)
7375,Bengaluru,228,79,DEV_MULE_HUB_99,10,20000,14,RED ALERT (High Risk)
7376,Patna,188,3,DEV_421,2780,5066,0,GREEN (Low Risk)
7377,Delhi,59,0,DEV_290,2164,8982,0,GREEN (Low Risk)
7378,Kolkata,288,0,DEV_368,1186,12034,0,GREEN (Low Risk)
7379,Kolkata,110,4,DEV_392,2131,3779,0,GREEN (Low Risk)
7380,Mumbai,70,0,DEV_562,827,12187,0,GREEN (Low Risk)
7381,Kolkata,45,5,DEV_427,2855,6192,0,GREEN (Low Risk)
7382,Ranchi,34,4,DEV_655,1309,5414,0,GREEN (Low Risk)
7383,Delhi,365,5,DEV_753,833,13503,0,GREEN (Low Risk)
7384,Bengaluru,261,1,DEV_224,943,13477,0,GREEN (Low Risk)
7385,Delhi,122,3,DEV_126,1598,9577,0,GREEN (Low Risk)
7386,Patna,189,3,DEV_664,651,10526,0,GREEN (Low Risk)
7387,Mumbai,34,2,DEV_507,2080,9112,0,GREEN (Low Risk)
7388,Kolkata,210,4,DEV_175,633,5694,0,GREEN (Low Risk)
7389,Ranchi,38,3,DEV_577,2239,6144,0,GREEN (Low Risk)
7390,Delhi,283,106,DEV_MULE_HUB_99,3,50000,14,RED ALERT (High Risk)
7391,Patna,29,0,DEV_630,746,5482,0,GREEN (Low Risk)
7392,Delhi,83,2,DEV_330,1537,9001,0,GREEN (Low Risk)
7393,Bengaluru,41,2,DEV_301,2721,9524,0,GREEN (Low Risk)
7394,Bengaluru,65,5,DEV_410,2636,9240,0,GREEN (Low Risk)
7395,Mumbai,258,5,DEV_272,2544,10013,0,GREEN (Low Risk)
7396,Delhi,88,5,DEV_739,2598,6031,0,GREEN (Low Risk)
7397,Patna,22,0,DEV_183,306,11009,0,GREEN (Low Risk)
7398,Patna,136,5,DEV_315,2463,7325,0,GREEN (Low Risk)
7399,Patna,328,0,DEV_609,2688,9438,0,GREEN (Low Risk)
7400,Bengaluru,329,2,DEV_594,1123,13684,0,GREEN (Low Risk)
7401,Ranchi,208,2,DEV_564,418,11782,0,GREEN (Low Risk)
7402,Mumbai,81,3,DEV_525,2103,8109,0,GREEN (Low Risk)
7403,Delhi,175,4,DEV_247,1400,14614,0,GREEN (Low Risk)
7404,Ranchi,164,5,DEV_453,1753,2642,0,GREEN (Low Risk)
7405,Bengaluru,264,87,DEV_MULE_HUB_99,6,20000,14,RED ALERT (High Risk)
7406,Kolkata,63,2,DEV_560,1135,2808,0,GREEN (Low Risk)
7407,Mumbai,26,2,DEV_493,2640,7350,0,GREEN (Low Risk)
7408,Delhi,82,2,DEV_691,1400,3610,0,GREEN (Low Risk)
7409,Delhi,256,4,DEV_578,2162,14902,0,GREEN (Low Risk)
7410,Bengaluru,255,0,DEV_192,1730,8781,0,GREEN (Low Risk)
7411,Kolkata,124,1,DEV_697,1565,1297,0,GREEN (Low Risk)
7412,Mumbai,145,3,DEV_711,2799,11518,0,GREEN (Low Risk)
7413,Kolkata,147,4,DEV_108,560,7560,0,GREEN (Low Risk)
7414,Delhi,136,5,DEV_474,1771,6495,0,GREEN (Low Risk)
7415,Mumbai,206,0,DEV_683,2421,3689,0,GREEN (Low Risk)
7416,Bengaluru,284,2,DEV_175,1702,8761,0,GREEN (Low Risk)
7417,Kolkata,282,2,DEV_738,2622,2446,0,GREEN (Low Risk)
7418,Delhi,50,3,DEV_482,1508,9639,0,GREEN (Low Risk)
7419,Bengaluru,74,1,DEV_716,2205,7076,0,GREEN (Low Risk)
7420,Patna,21,71,DEV_MULE_HUB_99,1,20000,14,RED ALERT (High Risk)
7421,Ranchi,171,3,DEV_631,1991,2940,0,GREEN (Low Risk)
7422,Patna,264,1,DEV_435,2631,5718,0,GREEN (Low Risk)
7423,Delhi,202,4,DEV_406,2551,6011,0,GREEN (Low Risk)
7424,Patna,261,4,DEV_601,2425,5411,0,GREEN (Low Risk)
7425,Kolkata,9,2,DEV_439,2879,2295,0,GREEN (Low Risk)
7426,Kolkata,299,2,DEV_744,229,10279,0,GREEN (Low Risk)
7427,Kolkata,136,5,DEV_692,2485,4228,0,GREEN (Low Risk)
7428,Ranchi,27,4,DEV_591,818,9089,0,GREEN (Low Risk)
7429,Ranchi,318,3,DEV_251,1112,1017,0,GREEN (Low Risk)
7430,Patna,359,0,DEV_295,197,7725,0,GREEN (Low Risk)
7431,Bengaluru,215,1,DEV_522,955,7223,0,GREEN (Low Risk)
7432,Patna,314,3,DEV_163,685,8998,0,GREEN (Low Risk)
7433,Delhi,288,2,DEV_778,2079,9109,0,GREEN (Low Risk)
7434,Kolkata,161,1,DEV_570,2303,6108,0,GREEN (Low Risk)
7435,Patna,182,127,DEV_MULE_HUB_99,10,50000,14,RED ALERT (High Risk)
7436,Delhi,127,2,DEV_671,1342,4184,0,GREEN (Low Risk)
7437,Bengaluru,148,5,DEV_312,2122,5694,0,GREEN (Low Risk)
7438,Kolkata,179,4,DEV_380,1298,2496,0,GREEN (Low Risk)
7439,Patna,347,4,DEV_488,1736,13908,0,GREEN (Low Risk)
7440,Bengaluru,75,2,DEV_143,1298,12200,0,GREEN (Low Risk)
7441,Mumbai,178,3,DEV_771,1170,12744,0,GREEN (Low Risk)
7442,Kolkata,110,1,DEV_651,1230,9708,0,GREEN (Low Risk)
7443,Ranchi,140,1,DEV_211,2641,12638,0,GREEN (Low Risk)
7444,Patna,123,1,DEV_151,2863,9200,0,GREEN (Low Risk)
7445,Delhi,327,1,DEV_153,530,7271,0,GREEN (Low Risk)
7446,Bengaluru,242,0,DEV_797,683,584,0,GREEN (Low Risk)
7447,Patna,81,3,DEV_768,2068,8322,0,GREEN (Low Risk)
7448,Ranchi,103,2,DEV_428,1289,11082,0,GREEN (Low Risk)
7449,Mumbai,46,5,DEV_687,1071,9267,0,GREEN (Low Risk)
7450,Ranchi,20,104,DEV_MULE_HUB_99,7,20000,14,RED ALERT (High Risk)
7451,Mumbai,204,3,DEV_290,1305,14864,0,GREEN (Low Risk)
7452,Mumbai,5,2,DEV_681,2588,2258,0,GREEN (Low Risk)
7453,Bengaluru,146,3,DEV_756,2345,9090,0,GREEN (Low Risk)
7454,Kolkata,69,4,DEV_579,1237,3659,0,GREEN (Low Risk)
7455,Mumbai,170,1,DEV_569,2775,4715,0,GREEN (Low Risk)
7456,Ranchi,96,0,DEV_445,1328,9802,0,GREEN (Low Risk)
7457,Ranchi,99,1,DEV_725,2736,7143,0,GREEN (Low Risk)
7458,Kolkata,264,2,DEV_188,1761,11465,0,GREEN (Low Risk)
7459,Mumbai,95,1,DEV_588,1445,4564,0,GREEN (Low Risk)
7460,Mumbai,134,3,DEV_341,1949,12849,0,GREEN (Low Risk)
7461,Bengaluru,169,2,DEV_696,2466,687,0,GREEN (Low Risk)
7462,Bengaluru,335,2,DEV_341,374,11441,0,GREEN (Low Risk)
7463,Mumbai,239,2,DEV_263,1780,11740,0,GREEN (Low Risk)
7464,Patna,361,2,DEV_220,2736,5333,0,GREEN (Low Risk)
7465,Bengaluru,315,116,DEV_MULE_HUB_99,4,20000,14,RED ALERT (High Risk)
7466,Kolkata,79,3,DEV_720,1650,7313,0,GREEN (Low Risk)
7467,Ranchi,282,3,DEV_650,2840,14026,0,GREEN (Low Risk)
7468,Delhi,127,5,DEV_710,455,9109,0,GREEN (Low Risk)
7469,Kolkata,271,5,DEV_470,439,9743,0,GREEN (Low Risk)
7470,Mumbai,32,4,DEV_617,948,9883,0,GREEN (Low Risk)
7471,Patna,77,1,DEV_435,2251,7739,0,GREEN (Low Risk)
7472,Mumbai,349,1,DEV_697,2122,1989,0,GREEN (Low Risk)
7473,Patna,229,0,DEV_564,660,8909,0,GREEN (Low Risk)
7474,Kolkata,234,4,DEV_159,2408,8075,0,GREEN (Low Risk)
7475,Ranchi,158,5,DEV_122,1741,4669,0,GREEN (Low Risk)
7476,Mumbai,112,4,DEV_174,305,7441,0,GREEN (Low Risk)
7477,Bengaluru,359,0,DEV_654,366,1630,0,GREEN (Low Risk)
7478,Kolkata,17,2,DEV_518,857,13098,0,GREEN (Low Risk)
7479,Delhi,329,5,DEV_761,1841,6635,0,GREEN (Low Risk)
7480,Kolkata,230,156,DEV_MULE_HUB_99,7,20000,14,RED ALERT (High Risk)
7481,Ranchi,339,4,DEV_236,2796,14594,0,GREEN (Low Risk)
7482,Bengaluru,61,1,DEV_650,1729,9164,0,GREEN (Low Risk)
7483,Delhi,115,0,DEV_123,1342,8085,0,GREEN (Low Risk)
7484,Ranchi,279,3,DEV_644,1673,13989,0,GREEN (Low Risk)
7485,Delhi,127,3,DEV_454,755,5016,0,GREEN (Low Risk)
7486,Delhi,58,0,DEV_776,1837,10574,0,GREEN (Low Risk)
7487,Mumbai,124,1,DEV_168,533,10231,0,GREEN (Low Risk)
7488,Mumbai,229,4,DEV_788,319,4509,0,GREEN (Low Risk)
7489,Ranchi,23,3,DEV_549,1079,9343,0,GREEN (Low Risk)
7490,Delhi,29,1,DEV_615,1304,4336,0,GREEN (Low Risk)
7491,Ranchi,295,2,DEV_691,2569,13157,0,GREEN (Low Risk)
7492,Ranchi,165,1,DEV_409,706,11316,0,GREEN (Low Risk)
7493,Patna,114,3,DEV_407,1247,1498,0,GREEN (Low Risk)
7494,Patna,303,5,DEV_279,2684,11620,0,GREEN (Low Risk)
7495,Kolkata,285,186,DEV_MULE_HUB_99,1,50000,14,RED ALERT (High Risk)
7496,Ranchi,344,3,DEV_637,1425,11908,0,GREEN (Low Risk)
7497,Kolkata,210,1,DEV_407,1661,3512,0,GREEN (Low Risk)
7498,Patna,243,1,DEV_330,1351,14549,0,GREEN (Low Risk)
7499,Ranchi,74,3,DEV_159,2423,7261,0,GREEN (Low Risk)
7500,Kolkata,286,4,DEV_237,1710,4478,0,GREEN (Low Risk)
7501,Bengaluru,105,2,DEV_762,443,7869,0,GREEN (Low Risk)
7502,Bengaluru,48,4,DEV_295,331,4898,0,GREEN (Low Risk)
7503,Kolkata,345,4,DEV_717,281,14813,0,GREEN (Low Risk)
7504,Mumbai,97,4,DEV_787,2409,4055,0,GREEN (Low Risk)
7505,Kolkata,107,2,DEV_410,182,3970,0,GREEN (Low Risk)
7506,Delhi,61,5,DEV_590,1113,11897,0,GREEN (Low Risk)
7507,Patna,361,1,DEV_506,1100,9545,0,GREEN (Low Risk)
7508,Bengaluru,145,3,DEV_577,2305,11128,0,GREEN (Low Risk)
7509,Bengaluru,158,2,DEV_468,2220,14963,0,GREEN (Low Risk)
7510,Kolkata,239,85,DEV_MULE_HUB_99,12,50000,14,RED ALERT (High Risk)
7511,Bengaluru,105,2,DEV_420,1815,1249,0,GREEN (Low Risk)
7512,Patna,114,5,DEV_249,186,4772,0,GREEN (Low Risk)
7513,Patna,300,4,DEV_527,1329,2997,0,GREEN (Low Risk)
7514,Delhi,169,1,DEV_488,2453,14153,0,GREEN (Low Risk)
7515,Delhi,256,4,DEV_770,1502,4716,0,GREEN (Low Risk)
7516,Kolkata,329,5,DEV_602,2007,3256,0,GREEN (Low Risk)
7517,Ranchi,181,1,DEV_243,2358,8500,0,GREEN (Low Risk)
7518,Delhi,278,5,DEV_160,2266,1054,0,GREEN (Low Risk)
7519,Mumbai,343,0,DEV_106,1809,2752,0,GREEN (Low Risk)
7520,Ranchi,119,0,DEV_254,157,4083,0,GREEN (Low Risk)
7521,Patna,234,2,DEV_161,2650,10948,0,GREEN (Low Risk)
7522,Ranchi,316,3,DEV_775,2118,757,0,GREEN (Low Risk)
7523,Mumbai,273,4,DEV_521,168,774,0,GREEN (Low Risk)
7524,Patna,141,4,DEV_393,190,8728,0,GREEN (Low Risk)
7525,Ranchi,346,170,DEV_MULE_HUB_99,3,20000,14,RED ALERT (High Risk)
7526,Mumbai,269,1,DEV_346,906,10654,0,GREEN (Low Risk)
7527,Patna,130,2,DEV_373,1745,1794,0,GREEN (Low Risk)
7528,Bengaluru,208,3,DEV_678,1116,11923,0,GREEN (Low Risk)
7529,Delhi,154,5,DEV_182,2797,14561,0,GREEN (Low Risk)
7530,Ranchi,17,0,DEV_515,1673,6679,0,GREEN (Low Risk)
7531,Patna,244,0,DEV_752,158,12015,0,GREEN (Low Risk)
7532,Delhi,43,3,DEV_544,2761,13351,0,GREEN (Low Risk)
7533,Bengaluru,290,0,DEV_640,294,4264,0,GREEN (Low Risk)
7534,Delhi,355,4,DEV_586,1230,1262,0,GREEN (Low Risk)
7535,Mumbai,351,2,DEV_656,2428,11282,0,GREEN (Low Risk)
7536,Mumbai,92,2,DEV_116,968,10117,0,GREEN (Low Risk)
7537,Delhi,365,3,DEV_178,1345,3161,0,GREEN (Low Risk)
7538,Patna,124,4,DEV_498,2334,5935,0,GREEN (Low Risk)
7539,Kolkata,72,5,DEV_180,2171,12713,0,GREEN (Low Risk)
7540,Bengaluru,28,85,DEV_MULE_HUB_99,7,20000,14,RED ALERT (High Risk)
7541,Mumbai,175,4,DEV_728,2559,6999,0,GREEN (Low Risk)
7542,Bengaluru,16,5,DEV_379,1965,8538,0,GREEN (Low Risk)
7543,Delhi,183,4,DEV_484,1888,3543,0,GREEN (Low Risk)
7544,Ranchi,300,5,DEV_489,471,13151,0,GREEN (Low Risk)
7545,Patna,152,1,DEV_175,456,4890,0,GREEN (Low Risk)
7546,Delhi,195,5,DEV_749,751,12618,0,GREEN (Low Risk)
7547,Kolkata,163,2,DEV_209,494,585,0,GREEN (Low Risk)
7548,Bengaluru,228,2,DEV_376,538,2670,0,GREEN (Low Risk)
7549,Mumbai,96,3,DEV_559,2401,9588,0,GREEN (Low Risk)
7550,Patna,209,0,DEV_126,487,6298,0,GREEN (Low Risk)
7551,Patna,48,4,DEV_712,1448,14651,0,GREEN (Low Risk)
7552,Kolkata,7,2,DEV_523,1708,13265,0,GREEN (Low Risk)
7553,Mumbai,287,1,DEV_685,2254,3278,0,GREEN (Low Risk)
7554,Ranchi,195,1,DEV_242,1221,5433,0,GREEN (Low Risk)
7555,Bengaluru,253,97,DEV_MULE_HUB_99,2,20000,14,RED ALERT (High Risk)
7556,Kolkata,142,3,DEV_406,2103,13323,0,GREEN (Low Risk)
7557,Mumbai,185,2,DEV_352,2680,8623,0,GREEN (Low Risk)
7558,Patna,316,1,DEV_568,558,2719,0,GREEN (Low Risk)
7559,Bengaluru,4,3,DEV_440,2660,6724,0,GREEN (Low Risk)
7560,Bengaluru,226,2,DEV_540,2786,10238,0,GREEN (Low Risk)
7561,Delhi,154,2,DEV_717,942,8348,0,GREEN (Low Risk)
7562,Bengaluru,91,3,DEV_426,1313,12540,0,GREEN (Low Risk)
7563,Ranchi,325,3,DEV_689,1112,5839,0,GREEN (Low Risk)
7564,Kolkata,144,3,DEV_473,586,9738,0,GREEN (Low Risk)
7565,Delhi,304,4,DEV_284,2373,940,0,GREEN (Low Risk)
7566,Ranchi,237,5,DEV_314,1915,13569,0,GREEN (Low Risk)
7567,Bengaluru,355,0,DEV_518,2876,8680,0,GREEN (Low Risk)
7568,Delhi,325,2,DEV_347,1154,11291,0,GREEN (Low Risk)
7569,Delhi,217,3,DEV_175,1959,10296,0,GREEN (Low Risk)
7570,Kolkata,299,162,DEV_MULE_HUB_99,9,100000,14,RED ALERT (High Risk)
7571,Ranchi,215,4,DEV_137,1592,11995,0,GREEN (Low Risk)
7572,Patna,305,5,DEV_187,567,13098,0,GREEN (Low Risk)
7573,Delhi,337,5,DEV_463,801,11100,0,GREEN (Low Risk)
7574,Patna,23,4,DEV_760,2769,7047,0,GREEN (Low Risk)
7575,Bengaluru,221,0,DEV_110,523,4739,0,GREEN (Low Risk)
7576,Delhi,262,5,DEV_631,2405,10011,0,GREEN (Low Risk)
7577,Ranchi,295,1,DEV_556,1652,6908,0,GREEN (Low Risk)
7578,Kolkata,348,4,DEV_612,737,6151,0,GREEN (Low Risk)
7579,Mumbai,248,0,DEV_402,1823,1906,0,GREEN (Low Risk)
7580,Mumbai,73,2,DEV_419,1525,7960,0,GREEN (Low Risk)
7581,Delhi,267,3,DEV_456,2070,2099,0,GREEN (Low Risk)
7582,Kolkata,357,3,DEV_426,395,5419,0,GREEN (Low Risk)
7583,Mumbai,364,0,DEV_123,1525,11116,0,GREEN (Low Risk)
7584,Mumbai,347,1,DEV_349,2233,3358,0,GREEN (Low Risk)
7585,Patna,82,144,DEV_MULE_HUB_99,9,50000,14,RED ALERT (High Risk)
7586,Kolkata,119,3,DEV_744,875,3553,0,GREEN (Low Risk)
7587,Ranchi,337,3,DEV_505,239,12581,0,GREEN (Low Risk)
7588,Patna,102,3,DEV_706,1879,6870,0,GREEN (Low Risk)
7589,Mumbai,361,1,DEV_310,1260,12826,0,GREEN (Low Risk)
7590,Ranchi,33,4,DEV_204,2319,3563,0,GREEN (Low Risk)
7591,Bengaluru,167,1,DEV_568,586,4798,0,GREEN (Low Risk)
7592,Ranchi,251,4,DEV_754,1403,10280,0,GREEN (Low Risk)
7593,Kolkata,313,3,DEV_701,587,6200,0,GREEN (Low Risk)
7594,Bengaluru,235,4,DEV_276,2879,12066,0,GREEN (Low Risk)
7595,Bengaluru,315,4,DEV_186,2872,2694,0,GREEN (Low Risk)
7596,Bengaluru,61,1,DEV_412,599,3499,0,GREEN (Low Risk)
7597,Bengaluru,356,1,DEV_623,1711,7352,0,GREEN (Low Risk)
7598,Patna,71,4,DEV_492,1852,3543,0,GREEN (Low Risk)
7599,Kolkata,326,4,DEV_760,829,9591,0,GREEN (Low Risk)
7600,Delhi,251,133,DEV_MULE_HUB_99,3,20000,14,RED ALERT (High Risk)
7601,Bengaluru,231,4,DEV_154,1590,657,0,GREEN (Low Risk)
7602,Kolkata,70,1,DEV_493,2420,8781,0,GREEN (Low Risk)
7603,Ranchi,254,3,DEV_603,1822,12134,0,GREEN (Low Risk)
7604,Kolkata,251,1,DEV_184,2435,1005,0,GREEN (Low Risk)
7605,Delhi,150,0,DEV_381,1040,9308,0,GREEN (Low Risk)
7606,Bengaluru,87,3,DEV_679,2148,9506,0,GREEN (Low Risk)
7607,Patna,58,4,DEV_216,1217,13199,0,GREEN (Low Risk)
7608,Patna,188,4,DEV_142,1927,9451,0,GREEN (Low Risk)
7609,Delhi,218,0,DEV_769,1133,5377,0,GREEN (Low Risk)
7610,Mumbai,231,2,DEV_456,476,7693,0,GREEN (Low Risk)
7611,Mumbai,122,1,DEV_702,1556,14607,0,GREEN (Low Risk)
7612,Ranchi,313,5,DEV_538,799,10595,0,GREEN (Low Risk)
7613,Delhi,106,1,DEV_160,2455,6247,0,GREEN (Low Risk)
7614,Patna,144,4,DEV_651,809,5802,0,GREEN (Low Risk)
7615,Ranchi,150,134,DEV_MULE_HUB_99,10,50000,14,RED ALERT (High Risk)
7616,Patna,348,0,DEV_238,1805,1471,0,GREEN (Low Risk)
7617,Bengaluru,336,1,DEV_235,1142,2896,0,GREEN (Low Risk)
7618,Ranchi,165,1,DEV_792,1728,8519,0,GREEN (Low Risk)
7619,Delhi,296,5,DEV_375,2691,7286,0,GREEN (Low Risk)
7620,Kolkata,232,0,DEV_748,501,7100,0,GREEN (Low Risk)
7621,Patna,143,5,DEV_477,1982,8496,0,GREEN (Low Risk)
7622,Bengaluru,298,0,DEV_195,1997,10901,0,GREEN (Low Risk)
7623,Ranchi,358,2,DEV_164,2309,7016,0,GREEN (Low Risk)
7624,Delhi,220,1,DEV_606,1219,5789,0,GREEN (Low Risk)
7625,Bengaluru,173,4,DEV_691,654,9775,0,GREEN (Low Risk)
7626,Kolkata,176,5,DEV_149,308,2131,0,GREEN (Low Risk)
7627,Ranchi,236,0,DEV_227,767,7730,0,GREEN (Low Risk)
7628,Kolkata,1,3,DEV_307,660,14953,0,GREEN (Low Risk)
7629,Ranchi,155,1,DEV_380,502,11224,0,GREEN (Low Risk)
7630,Bengaluru,129,81,DEV_MULE_HUB_99,6,100000,14,RED ALERT (High Risk)
7631,Ranchi,85,0,DEV_505,2682,5505,0,GREEN (Low Risk)
7632,Ranchi,359,1,DEV_539,2804,1994,0,GREEN (Low Risk)
7633,Ranchi,49,0,DEV_318,2073,1776,0,GREEN (Low Risk)
7634,Delhi,304,1,DEV_631,1942,652,0,GREEN (Low Risk)
7635,Mumbai,357,2,DEV_223,1849,11871,0,GREEN (Low Risk)
7636,Delhi,245,0,DEV_334,1689,1963,0,GREEN (Low Risk)
7637,Ranchi,53,0,DEV_420,1625,14934,0,GREEN (Low Risk)
7638,Bengaluru,71,3,DEV_236,2747,11594,0,GREEN (Low Risk)
7639,Delhi,36,4,DEV_676,154,10499,0,GREEN (Low Risk)
7640,Ranchi,85,3,DEV_459,992,10790,0,GREEN (Low Risk)
7641,Ranchi,78,3,DEV_730,1932,14589,0,GREEN (Low Risk)
7642,Delhi,45,0,DEV_243,624,10159,0,GREEN (Low Risk)
7643,Ranchi,197,2,DEV_539,1408,13461,0,GREEN (Low Risk)
7644,Delhi,127,2,DEV_760,465,4565,0,GREEN (Low Risk)
7645,Patna,308,132,DEV_MULE_HUB_99,12,20000,14,RED ALERT (High Risk)
7646,Ranchi,155,1,DEV_630,2605,8848,0,GREEN (Low Risk)
7647,Delhi,201,2,DEV_761,343,13341,0,GREEN (Low Risk)
7648,Delhi,254,3,DEV_215,1107,8685,0,GREEN (Low Risk)
7649,Ranchi,305,0,DEV_640,169,6416,0,GREEN (Low Risk)
7650,Bengaluru,68,3,DEV_682,1843,6486,0,GREEN (Low Risk)
7651,Patna,350,1,DEV_582,418,773,0,GREEN (Low Risk)
7652,Patna,35,0,DEV_368,1003,1152,0,GREEN (Low Risk)
7653,Mumbai,204,4,DEV_393,2694,12175,0,GREEN (Low Risk)
7654,Patna,213,3,DEV_511,457,10994,0,GREEN (Low Risk)
7655,Patna,276,4,DEV_256,1256,1869,0,GREEN (Low Risk)
7656,Bengaluru,41,4,DEV_308,756,9288,0,GREEN (Low Risk)
7657,Bengaluru,201,4,DEV_749,2781,11658,0,GREEN (Low Risk)
7658,Ranchi,34,2,DEV_547,1097,1448,0,GREEN (Low Risk)
7659,Delhi,45,3,DEV_218,1977,10531,0,GREEN (Low Risk)
7660,Patna,29,139,DEV_MULE_HUB_99,11,100000,14,RED ALERT (High Risk)
7661,Ranchi,90,0,DEV_112,682,11993,0,GREEN (Low Risk)
7662,Mumbai,84,3,DEV_455,2262,8974,0,GREEN (Low Risk)
7663,Ranchi,133,1,DEV_480,639,12784,0,GREEN (Low Risk)
7664,Bengaluru,61,0,DEV_443,1878,4956,0,GREEN (Low Risk)
7665,Patna,33,2,DEV_690,2690,1762,0,GREEN (Low Risk)
7666,Kolkata,234,4,DEV_468,347,8685,0,GREEN (Low Risk)
7667,Patna,86,2,DEV_261,1164,13170,0,GREEN (Low Risk)
7668,Mumbai,294,5,DEV_218,1055,12636,0,GREEN (Low Risk)
7669,Patna,2,0,DEV_112,1121,1253,0,GREEN (Low Risk)
7670,Kolkata,187,3,DEV_253,853,14549,0,GREEN (Low Risk)
7671,Mumbai,284,5,DEV_771,1837,4178,0,GREEN (Low Risk)
7672,Bengaluru,128,3,DEV_427,1231,14033,0,GREEN (Low Risk)
7673,Mumbai,293,2,DEV_222,2176,11531,0,GREEN (Low Risk)
7674,Mumbai,92,1,DEV_628,308,7068,0,GREEN (Low Risk)
7675,Mumbai,239,132,DEV_MULE_HUB_99,5,50000,14,RED ALERT (High Risk)
7676,Mumbai,284,3,DEV_108,1631,3787,0,GREEN (Low Risk)
7677,Bengaluru,289,2,DEV_737,1113,8100,0,GREEN (Low Risk)
7678,Bengaluru,303,3,DEV_300,2358,12959,0,GREEN (Low Risk)
7679,Delhi,78,0,DEV_519,217,4317,0,GREEN (Low Risk)
7680,Patna,178,5,DEV_109,1492,523,0,GREEN (Low Risk)
7681,Ranchi,193,5,DEV_414,545,3861,0,GREEN (Low Risk)
7682,Patna,122,3,DEV_603,365,2832,0,GREEN (Low Risk)
7683,Ranchi,144,0,DEV_144,1068,14352,0,GREEN (Low Risk)
7684,Patna,212,5,DEV_481,1997,12753,0,GREEN (Low Risk)
7685,Mumbai,298,0,DEV_617,666,10940,0,GREEN (Low Risk)
7686,Kolkata,39,4,DEV_681,375,7626,0,GREEN (Low Risk)
7687,Ranchi,67,1,DEV_398,1189,14441,0,GREEN (Low Risk)
7688,Bengaluru,202,5,DEV_434,1422,7917,0,GREEN (Low Risk)
7689,Bengaluru,120,0,DEV_307,677,13278,0,GREEN (Low Risk)
7690,Patna,56,99,DEV_MULE_HUB_99,2,20000,14,RED ALERT (High Risk)
7691,Kolkata,239,2,DEV_516,614,9280,0,GREEN (Low Risk)
7692,Bengaluru,107,3,DEV_415,2017,4841,0,GREEN (Low Risk)
7693,Mumbai,47,1,DEV_411,2591,1160,0,GREEN (Low Risk)
7694,Delhi,168,1,DEV_193,1136,6328,0,GREEN (Low Risk)
7695,Kolkata,263,0,DEV_793,1344,4762,0,GREEN (Low Risk)
7696,Delhi,16,3,DEV_563,2397,12756,0,GREEN (Low Risk)
7697,Patna,128,0,DEV_573,537,13671,0,GREEN (Low Risk)
7698,Delhi,63,0,DEV_163,1030,2641,0,GREEN (Low Risk)
7699,Delhi,206,2,DEV_745,2760,1876,0,GREEN (Low Risk)
7700,Patna,301,2,DEV_176,209,1556,0,GREEN (Low Risk)
7701,Delhi,331,3,DEV_231,496,14381,0,GREEN (Low Risk)
7702,Bengaluru,63,0,DEV_572,327,3252,0,GREEN (Low Risk)
7703,Patna,222,5,DEV_504,2152,983,0,GREEN (Low Risk)
7704,Kolkata,350,3,DEV_276,1569,4017,0,GREEN (Low Risk)
7705,Delhi,141,131,DEV_MULE_HUB_99,8,20000,14,RED ALERT (High Risk)
7706,Mumbai,315,4,DEV_731,1126,11105,0,GREEN (Low Risk)
7707,Bengaluru,256,3,DEV_663,2082,1499,0,GREEN (Low Risk)
7708,Mumbai,144,3,DEV_240,1837,3767,0,GREEN (Low Risk)
7709,Ranchi,270,1,DEV_745,2346,13522,0,GREEN (Low Risk)
7710,Mumbai,196,5,DEV_467,2084,9421,0,GREEN (Low Risk)
7711,Kolkata,177,4,DEV_614,1437,6863,0,GREEN (Low Risk)
7712,Bengaluru,93,0,DEV_426,2565,4088,0,GREEN (Low Risk)
7713,Mumbai,144,0,DEV_583,2288,6356,0,GREEN (Low Risk)
7714,Patna,120,1,DEV_202,1135,11262,0,GREEN (Low Risk)
7715,Delhi,137,4,DEV_157,1018,9932,0,GREEN (Low Risk)
7716,Kolkata,182,1,DEV_280,1088,10207,0,GREEN (Low Risk)
7717,Bengaluru,358,2,DEV_705,235,12025,0,GREEN (Low Risk)
7718,Ranchi,181,4,DEV_677,702,9725,0,GREEN (Low Risk)
7719,Delhi,253,4,DEV_416,839,8535,0,GREEN (Low Risk)
7720,Mumbai,47,74,DEV_MULE_HUB_99,4,100000,14,RED ALERT (High Risk)
7721,Delhi,11,4,DEV_589,122,5935,0,GREEN (Low Risk)
7722,Patna,104,1,DEV_448,846,13646,0,GREEN (Low Risk)
7723,Bengaluru,31,0,DEV_251,2522,12045,0,GREEN (Low Risk)
7724,Delhi,57,4,DEV_473,417,6620,0,GREEN (Low Risk)
7725,Ranchi,340,3,DEV_700,533,6014,0,GREEN (Low Risk)
7726,Bengaluru,166,1,DEV_261,1909,13473,0,GREEN (Low Risk)
7727,Ranchi,250,5,DEV_424,833,12086,0,GREEN (Low Risk)
7728,Patna,356,4,DEV_465,1034,11404,0,GREEN (Low Risk)
7729,Patna,90,3,DEV_414,1326,2586,0,GREEN (Low Risk)
7730,Delhi,1,5,DEV_686,1723,14438,0,GREEN (Low Risk)
7731,Patna,17,1,DEV_716,1423,13751,0,GREEN (Low Risk)
7732,Patna,114,5,DEV_679,546,8629,0,GREEN (Low Risk)
7733,Delhi,170,5,DEV_179,1094,6182,0,GREEN (Low Risk)
7734,Bengaluru,86,5,DEV_190,2864,10971,0,GREEN (Low Risk)
7735,Ranchi,172,174,DEV_MULE_HUB_99,1,50000,14,RED ALERT (High Risk)
7736,Delhi,128,5,DEV_169,1555,4705,0,GREEN (Low Risk)
7737,Mumbai,1,0,DEV_495,1914,12502,0,GREEN (Low Risk)
7738,Kolkata,86,3,DEV_604,1671,6254,0,GREEN (Low Risk)
7739,Patna,193,0,DEV_590,2487,11165,0,GREEN (Low Risk)
7740,Ranchi,116,1,DEV_562,421,13594,0,GREEN (Low Risk)
7741,Mumbai,151,0,DEV_426,1189,2215,0,GREEN (Low Risk)
7742,Mumbai,176,1,DEV_484,779,12492,0,GREEN (Low Risk)
7743,Mumbai,281,0,DEV_446,2553,10553,0,GREEN (Low Risk)
7744,Kolkata,361,0,DEV_541,2797,3203,0,GREEN (Low Risk)
7745,Patna,223,1,DEV_154,534,5924,0,GREEN (Low Risk)
7746,Delhi,98,3,DEV_667,2332,4846,0,GREEN (Low Risk)
7747,Ranchi,145,2,DEV_343,512,1313,0,GREEN (Low Risk)
7748,Kolkata,293,4,DEV_602,749,1393,0,GREEN (Low Risk)
7749,Bengaluru,2,3,DEV_189,1326,13998,0,GREEN (Low Risk)
7750,Ranchi,321,182,DEV_MULE_HUB_99,4,20000,14,RED ALERT (High Risk)
7751,Mumbai,106,1,DEV_753,1315,1842,0,GREEN (Low Risk)
7752,Kolkata,60,2,DEV_507,2048,8513,0,GREEN (Low Risk)
7753,Ranchi,136,0,DEV_757,2348,6849,0,GREEN (Low Risk)
7754,Delhi,190,3,DEV_478,884,7803,0,GREEN (Low Risk)
7755,Mumbai,135,3,DEV_576,1198,4206,0,GREEN (Low Risk)
7756,Bengaluru,289,0,DEV_254,2853,2084,0,GREEN (Low Risk)
7757,Mumbai,343,2,DEV_654,1815,12893,0,GREEN (Low Risk)
7758,Patna,117,4,DEV_162,1705,13908,0,GREEN (Low Risk)
7759,Patna,215,4,DEV_586,2465,14945,0,GREEN (Low Risk)
7760,Delhi,244,2,DEV_180,1737,14490,0,GREEN (Low Risk)
7761,Ranchi,18,4,DEV_684,2236,13614,0,GREEN (Low Risk)
7762,Patna,347,4,DEV_250,612,12905,0,GREEN (Low Risk)
7763,Kolkata,89,1,DEV_316,909,2567,0,GREEN (Low Risk)
7764,Mumbai,217,0,DEV_799,1903,3808,0,GREEN (Low Risk)
7765,Ranchi,76,126,DEV_MULE_HUB_99,6,100000,14,RED ALERT (High Risk)
7766,Mumbai,45,3,DEV_669,1747,9544,0,GREEN (Low Risk)
7767,Bengaluru,142,4,DEV_569,170,13386,0,GREEN (Low Risk)
7768,Ranchi,320,4,DEV_635,1838,2343,0,GREEN (Low Risk)
7769,Kolkata,77,1,DEV_680,2528,10046,0,GREEN (Low Risk)
7770,Mumbai,55,4,DEV_203,1291,14712,0,GREEN (Low Risk)
7771,Patna,177,3,DEV_370,1688,11228,0,GREEN (Low Risk)
7772,Kolkata,293,4,DEV_584,273,3321,0,GREEN (Low Risk)
7773,Bengaluru,207,1,DEV_733,2613,11654,0,GREEN (Low Risk)
7774,Ranchi,206,0,DEV_505,1477,11813,0,GREEN (Low Risk)
7775,Delhi,26,5,DEV_586,1220,6602,0,GREEN (Low Risk)
7776,Mumbai,173,2,DEV_418,1268,14309,0,GREEN (Low Risk)
7777,Kolkata,357,5,DEV_200,1053,2701,0,GREEN (Low Risk)
7778,Bengaluru,227,2,DEV_375,1827,10411,0,GREEN (Low Risk)
7779,Ranchi,46,1,DEV_552,985,13999,0,GREEN (Low Risk)
7780,Kolkata,249,192,DEV_MULE_HUB_99,6,20000,14,RED ALERT (High Risk)
7781,Patna,82,0,DEV_418,2195,7109,0,GREEN (Low Risk)
7782,Delhi,269,4,DEV_129,831,3658,0,GREEN (Low Risk)
7783,Delhi,30,1,DEV_133,1989,1328,0,GREEN (Low Risk)
7784,Bengaluru,361,1,DEV_380,1628,13992,0,GREEN (Low Risk)
7785,Kolkata,259,3,DEV_750,627,11660,0,GREEN (Low Risk)
7786,Mumbai,124,2,DEV_600,2553,7808,0,GREEN (Low Risk)
7787,Delhi,243,4,DEV_664,1552,6140,0,GREEN (Low Risk)
7788,Delhi,133,5,DEV_192,1287,949,0,GREEN (Low Risk)
7789,Kolkata,26,1,DEV_685,997,14542,0,GREEN (Low Risk)
7790,Delhi,332,1,DEV_793,966,4908,0,GREEN (Low Risk)
7791,Ranchi,210,4,DEV_120,156,8267,0,GREEN (Low Risk)
7792,Delhi,332,1,DEV_715,154,4166,0,GREEN (Low Risk)
7793,Bengaluru,312,2,DEV_758,1247,7443,0,GREEN (Low Risk)
7794,Kolkata,179,3,DEV_358,1013,8146,0,GREEN (Low Risk)
7795,Bengaluru,347,193,DEV_MULE_HUB_99,10,50000,14,RED ALERT (High Risk)
7796,Patna,53,0,DEV_623,2833,14316,0,GREEN (Low Risk)
7797,Bengaluru,288,5,DEV_708,2614,5131,0,GREEN (Low Risk)
7798,Bengaluru,351,0,DEV_593,381,6009,0,GREEN (Low Risk)
7799,Bengaluru,328,2,DEV_383,1189,11249,0,GREEN (Low Risk)
7800,Ranchi,334,2,DEV_292,734,8975,0,GREEN (Low Risk)
7801,Delhi,30,4,DEV_513,2825,5736,0,GREEN (Low Risk)
7802,Ranchi,72,5,DEV_126,2804,8648,0,GREEN (Low Risk)
7803,Bengaluru,133,3,DEV_514,1710,12570,0,GREEN (Low Risk)
7804,Mumbai,299,5,DEV_685,897,6122,0,GREEN (Low Risk)
7805,Ranchi,114,5,DEV_647,2734,13359,0,GREEN (Low Risk)
7806,Kolkata,344,2,DEV_619,1349,14351,0,GREEN (Low Risk)
7807,Delhi,337,4,DEV_285,1323,2099,0,GREEN (Low Risk)
7808,Kolkata,66,5,DEV_364,2409,12999,0,GREEN (Low Risk)
7809,Delhi,349,2,DEV_770,485,4141,0,GREEN (Low Risk)
7810,Bengaluru,115,138,DEV_MULE_HUB_99,7,50000,14,RED ALERT (High Risk)
7811,Bengaluru,134,4,DEV_401,2019,14446,0,GREEN (Low Risk)
7812,Mumbai,241,0,DEV_749,2510,10007,0,GREEN (Low Risk)
7813,Patna,37,3,DEV_299,2169,2463,0,GREEN (Low Risk)
7814,Ranchi,196,4,DEV_405,1812,1385,0,GREEN (Low Risk)
7815,Delhi,71,1,DEV_450,1796,9829,0,GREEN (Low Risk)
7816,Kolkata,74,2,DEV_284,451,8488,0,GREEN (Low Risk)
7817,Bengaluru,324,1,DEV_420,2718,1450,0,GREEN (Low Risk)
7818,Mumbai,232,2,DEV_314,810,9941,0,GREEN (Low Risk)
7819,Delhi,251,0,DEV_232,2636,7605,0,GREEN (Low Risk)
7820,Ranchi,220,3,DEV_539,2075,6780,0,GREEN (Low Risk)
7821,Mumbai,20,4,DEV_304,1648,730,0,GREEN (Low Risk)
7822,Bengaluru,272,1,DEV_118,136,10767,0,GREEN (Low Risk)
7823,Ranchi,128,1,DEV_452,1398,2612,0,GREEN (Low Risk)
7824,Mumbai,197,4,DEV_702,1373,3236,0,GREEN (Low Risk)
7825,Mumbai,24,136,DEV_MULE_HUB_99,5,50000,14,RED ALERT (High Risk)
7826,Ranchi,267,4,DEV_636,1503,7605,0,GREEN (Low Risk)
7827,Ranchi,69,2,DEV_601,1591,12789,0,GREEN (Low Risk)
7828,Delhi,85,3,DEV_119,1055,4175,0,GREEN (Low Risk)
7829,Ranchi,68,1,DEV_122,2535,8767,0,GREEN (Low Risk)
7830,Delhi,64,2,DEV_766,273,6647,0,GREEN (Low Risk)
7831,Ranchi,131,4,DEV_738,319,10230,0,GREEN (Low Risk)
7832,Mumbai,339,0,DEV_769,200,1290,0,GREEN (Low Risk)
7833,Ranchi,60,3,DEV_554,1677,2524,0,GREEN (Low Risk)
7834,Patna,130,3,DEV_256,961,11890,0,GREEN (Low Risk)
7835,Ranchi,323,0,DEV_408,1843,11340,0,GREEN (Low Risk)
7836,Mumbai,340,4,DEV_376,2670,10422,0,GREEN (Low Risk)
7837,Ranchi,71,3,DEV_207,2215,12276,0,GREEN (Low Risk)
7838,Patna,61,2,DEV_216,555,8654,0,GREEN (Low Risk)
7839,Delhi,312,1,DEV_369,2262,3804,0,GREEN (Low Risk)
7840,Bengaluru,361,164,DEV_MULE_HUB_99,5,20000,14,RED ALERT (High Risk)
7841,Mumbai,281,3,DEV_312,2088,5916,0,GREEN (Low Risk)
7842,Delhi,2,0,DEV_787,484,2309,0,GREEN (Low Risk)
7843,Patna,343,3,DEV_252,488,13271,0,GREEN (Low Risk)
7844,Patna,39,5,DEV_203,1168,11056,0,GREEN (Low Risk)
7845,Delhi,234,2,DEV_370,2021,1320,0,GREEN (Low Risk)
7846,Mumbai,90,0,DEV_397,1595,13633,0,GREEN (Low Risk)
7847,Ranchi,161,3,DEV_218,509,14446,0,GREEN (Low Risk)
7848,Mumbai,5,1,DEV_779,2770,3293,0,GREEN (Low Risk)
7849,Bengaluru,184,3,DEV_736,1218,14892,0,GREEN (Low Risk)
7850,Ranchi,48,2,DEV_450,869,2365,0,GREEN (Low Risk)
7851,Kolkata,205,3,DEV_378,1699,11803,0,GREEN (Low Risk)
7852,Kolkata,216,5,DEV_270,583,2671,0,GREEN (Low Risk)
7853,Ranchi,31,1,DEV_206,1824,10178,0,GREEN (Low Risk)
7854,Kolkata,292,5,DEV_548,862,10515,0,GREEN (Low Risk)
7855,Kolkata,184,67,DEV_MULE_HUB_99,11,100000,14,RED ALERT (High Risk)
7856,Delhi,248,3,DEV_215,1804,7720,0,GREEN (Low Risk)
7857,Mumbai,33,2,DEV_770,1407,702,0,GREEN (Low Risk)
7858,Ranchi,348,4,DEV_690,2434,4169,0,GREEN (Low Risk)
7859,Ranchi,174,4,DEV_635,2652,2060,0,GREEN (Low Risk)
7860,Kolkata,339,5,DEV_354,2093,6164,0,GREEN (Low Risk)
7861,Ranchi,347,5,DEV_494,728,14246,0,GREEN (Low Risk)
7862,Patna,314,0,DEV_111,2755,3071,0,GREEN (Low Risk)
7863,Patna,241,3,DEV_269,426,12811,0,GREEN (Low Risk)
7864,Kolkata,165,1,DEV_438,1259,1324,0,GREEN (Low Risk)
7865,Patna,115,4,DEV_758,1670,7107,0,GREEN (Low Risk)
7866,Delhi,41,3,DEV_554,2467,7841,0,GREEN (Low Risk)
7867,Mumbai,256,3,DEV_423,606,8648,0,GREEN (Low Risk)
7868,Ranchi,335,0,DEV_205,1772,7255,0,GREEN (Low Risk)
7869,Mumbai,286,4,DEV_100,492,13472,0,GREEN (Low Risk)
7870,Patna,317,137,DEV_MULE_HUB_99,9,100000,14,RED ALERT (High Risk)
7871,Delhi,336,5,DEV_567,1516,6453,0,GREEN (Low Risk)
7872,Mumbai,115,3,DEV_439,2414,13073,0,GREEN (Low Risk)
7873,Patna,308,3,DEV_772,1608,12229,0,GREEN (Low Risk)
7874,Kolkata,59,0,DEV_774,1028,535,0,GREEN (Low Risk)
7875,Bengaluru,182,5,DEV_398,2363,9052,0,GREEN (Low Risk)
7876,Bengaluru,360,0,DEV_146,792,8567,0,GREEN (Low Risk)
7877,Delhi,210,0,DEV_360,2622,3709,0,GREEN (Low Risk)
7878,Delhi,62,3,DEV_320,1992,14009,0,GREEN (Low Risk)
7879,Delhi,174,0,DEV_524,310,10875,0,GREEN (Low Risk)
7880,Ranchi,302,0,DEV_561,1993,11288,0,GREEN (Low Risk)
7881,Patna,259,1,DEV_610,137,9189,0,GREEN (Low Risk)
7882,Ranchi,25,4,DEV_543,2516,8412,0,GREEN (Low Risk)
7883,Patna,91,5,DEV_692,831,12468,0,GREEN (Low Risk)
7884,Delhi,54,3,DEV_773,2579,10431,0,GREEN (Low Risk)
7885,Bengaluru,259,158,DEV_MULE_HUB_99,7,100000,14,RED ALERT (High Risk)
7886,Ranchi,128,2,DEV_507,1524,5319,0,GREEN (Low Risk)
7887,Kolkata,69,1,DEV_522,2587,11969,0,GREEN (Low Risk)
7888,Ranchi,263,2,DEV_660,1405,12163,0,GREEN (Low Risk)
7889,Ranchi,284,5,DEV_322,942,3935,0,GREEN (Low Risk)
7890,Patna,149,5,DEV_453,2874,2673,0,GREEN (Low Risk)
7891,Ranchi,333,1,DEV_615,2342,11875,0,GREEN (Low Risk)
7892,Ranchi,166,5,DEV_218,1562,9712,0,GREEN (Low Risk)
7893,Kolkata,299,4,DEV_783,1829,11546,0,GREEN (Low Risk)
7894,Ranchi,274,2,DEV_532,172,9064,0,GREEN (Low Risk)
7895,Mumbai,13,3,DEV_248,337,11481,0,GREEN (Low Risk)
7896,Mumbai,103,2,DEV_264,1293,11696,0,GREEN (Low Risk)
7897,Bengaluru,75,0,DEV_402,955,12846,0,GREEN (Low Risk)
7898,Patna,17,2,DEV_563,539,10594,0,GREEN (Low Risk)
7899,Ranchi,288,1,DEV_762,2418,6871,0,GREEN (Low Risk)
7900,Delhi,262,133,DEV_MULE_HUB_99,12,100000,14,RED ALERT (High Risk)
7901,Mumbai,196,3,DEV_526,1400,9546,0,GREEN (Low Risk)
7902,Mumbai,7,5,DEV_357,951,10667,0,GREEN (Low Risk)
7903,Kolkata,116,5,DEV_763,1626,12871,0,GREEN (Low Risk)
7904,Patna,280,5,DEV_717,924,13216,0,GREEN (Low Risk)
7905,Ranchi,100,2,DEV_559,846,11684,0,GREEN (Low Risk)
7906,Mumbai,96,1,DEV_626,608,6680,0,GREEN (Low Risk)
7907,Mumbai,220,2,DEV_669,1202,2631,0,GREEN (Low Risk)
7908,Delhi,300,2,DEV_105,1473,8140,0,GREEN (Low Risk)
7909,Ranchi,80,0,DEV_257,1441,10279,0,GREEN (Low Risk)
7910,Mumbai,321,4,DEV_777,1353,8537,0,GREEN (Low Risk)
7911,Patna,282,2,DEV_174,1421,9108,0,GREEN (Low Risk)
7912,Delhi,95,4,DEV_169,2189,3111,0,GREEN (Low Risk)
7913,Kolkata,279,4,DEV_513,496,6224,0,GREEN (Low Risk)
7914,Delhi,110,5,DEV_439,1476,6411,0,GREEN (Low Risk)
7915,Bengaluru,112,195,DEV_MULE_HUB_99,8,100000,14,RED ALERT (High Risk)
7916,Ranchi,5,0,DEV_784,1537,7801,0,GREEN (Low Risk)
7917,Delhi,329,4,DEV_736,1118,1153,0,GREEN (Low Risk)
7918,Ranchi,165,3,DEV_216,1700,4703,0,GREEN (Low Risk)
7919,Patna,145,0,DEV_629,1655,8926,0,GREEN (Low Risk)
7920,Patna,229,3,DEV_144,1334,11174,0,GREEN (Low Risk)
7921,Delhi,165,4,DEV_184,513,3242,0,GREEN (Low Risk)
7922,Patna,274,0,DEV_741,388,3953,0,GREEN (Low Risk)
7923,Ranchi,323,1,DEV_534,545,3868,0,GREEN (Low Risk)
7924,Patna,360,5,DEV_545,2768,13881,0,GREEN (Low Risk)
7925,Mumbai,352,1,DEV_124,2000,12245,0,GREEN (Low Risk)
7926,Bengaluru,20,0,DEV_175,342,3416,0,GREEN (Low Risk)
7927,Bengaluru,286,0,DEV_688,1052,4737,0,GREEN (Low Risk)
7928,Kolkata,199,3,DEV_745,1776,7594,0,GREEN (Low Risk)
7929,Bengaluru,9,3,DEV_789,604,9262,0,GREEN (Low Risk)
7930,Mumbai,329,76,DEV_MULE_HUB_99,12,100000,14,RED ALERT (High Risk)
7931,Mumbai,359,0,DEV_466,2179,2238,0,GREEN (Low Risk)
7932,Bengaluru,352,2,DEV_721,474,5112,0,GREEN (Low Risk)
7933,Kolkata,196,3,DEV_776,246,8265,0,GREEN (Low Risk)
7934,Delhi,274,1,DEV_239,1721,13554,0,GREEN (Low Risk)
7935,Patna,152,5,DEV_247,1340,11596,0,GREEN (Low Risk)
7936,Ranchi,332,2,DEV_111,2387,14832,0,GREEN (Low Risk)
7937,Patna,73,0,DEV_142,140,9883,0,GREEN (Low Risk)
7938,Patna,202,4,DEV_660,468,5492,0,GREEN (Low Risk)
7939,Delhi,177,1,DEV_522,2765,14450,0,GREEN (Low Risk)
7940,Patna,73,1,DEV_288,1024,10607,0,GREEN (Low Risk)
7941,Bengaluru,100,0,DEV_285,2868,13601,0,GREEN (Low Risk)
7942,Patna,28,4,DEV_572,2760,9505,0,GREEN (Low Risk)
7943,Mumbai,149,5,DEV_168,1146,2108,0,GREEN (Low Risk)
7944,Delhi,298,3,DEV_438,1582,2600,0,GREEN (Low Risk)
7945,Ranchi,336,120,DEV_MULE_HUB_99,2,50000,14,RED ALERT (High Risk)
7946,Patna,36,1,DEV_425,2110,7883,0,GREEN (Low Risk)
7947,Bengaluru,316,5,DEV_413,2512,2996,0,GREEN (Low Risk)
7948,Patna,291,2,DEV_423,1874,3262,0,GREEN (Low Risk)
7949,Mumbai,161,1,DEV_326,2744,7645,0,GREEN (Low Risk)
7950,Bengaluru,185,1,DEV_795,1478,14883,0,GREEN (Low Risk)
7951,Kolkata,237,3,DEV_467,1371,8478,0,GREEN (Low Risk)
7952,Patna,56,1,DEV_761,2604,1843,0,GREEN (Low Risk)
7953,Bengaluru,72,4,DEV_301,1198,12518,0,GREEN (Low Risk)
7954,Ranchi,40,5,DEV_177,196,14419,0,GREEN (Low Risk)
7955,Patna,324,0,DEV_695,2491,7137,0,GREEN (Low Risk)
7956,Patna,109,0,DEV_664,1187,9404,0,GREEN (Low Risk)
7957,Patna,242,5,DEV_252,1618,6930,0,GREEN (Low Risk)
7958,Delhi,302,5,DEV_397,668,8113,0,GREEN (Low Risk)
7959,Patna,262,0,DEV_506,1610,8727,0,GREEN (Low Risk)
7960,Mumbai,340,121,DEV_MULE_HUB_99,10,100000,14,RED ALERT (High Risk)
7961,Delhi,264,1,DEV_556,772,3435,0,GREEN (Low Risk)
7962,Patna,290,5,DEV_249,2100,6378,0,GREEN (Low Risk)
7963,Mumbai,113,3,DEV_337,377,4831,0,GREEN (Low Risk)
7964,Bengaluru,120,0,DEV_784,966,8985,0,GREEN (Low Risk)
7965,Bengaluru,199,3,DEV_565,310,1153,0,GREEN (Low Risk)
7966,Ranchi,166,0,DEV_633,2715,14092,0,GREEN (Low Risk)
7967,Bengaluru,135,4,DEV_657,2455,3348,0,GREEN (Low Risk)
7968,Kolkata,335,3,DEV_474,2527,11204,0,GREEN (Low Risk)
7969,Mumbai,265,2,DEV_485,1032,8960,0,GREEN (Low Risk)
7970,Kolkata,181,2,DEV_598,2094,10399,0,GREEN (Low Risk)
7971,Mumbai,257,1,DEV_550,798,4268,0,GREEN (Low Risk)
7972,Mumbai,264,5,DEV_387,986,2961,0,GREEN (Low Risk)
7973,Delhi,81,2,DEV_716,604,11331,0,GREEN (Low Risk)
7974,Delhi,213,2,DEV_216,2092,11562,0,GREEN (Low Risk)
7975,Kolkata,246,113,DEV_MULE_HUB_99,10,20000,14,RED ALERT (High Risk)
7976,Ranchi,211,0,DEV_349,296,2595,0,GREEN (Low Risk)
7977,Patna,304,1,DEV_237,2698,8899,0,GREEN (Low Risk)
7978,Mumbai,294,1,DEV_157,801,4731,0,GREEN (Low Risk)
7979,Delhi,265,3,DEV_713,2428,10946,0,GREEN (Low Risk)
7980,Mumbai,339,2,DEV_187,1007,7859,0,GREEN (Low Risk)
7981,Patna,242,3,DEV_274,1018,14104,0,GREEN (Low Risk)
7982,Kolkata,308,1,DEV_696,864,10710,0,GREEN (Low Risk)
7983,Ranchi,262,2,DEV_271,1523,7929,0,GREEN (Low Risk)
7984,Patna,303,0,DEV_335,1669,6815,0,GREEN (Low Risk)
7985,Delhi,56,0,DEV_307,2261,14583,0,GREEN (Low Risk)
7986,Patna,351,3,DEV_253,2600,2077,0,GREEN (Low Risk)
7987,Delhi,244,4,DEV_714,279,14881,0,GREEN (Low Risk)
7988,Patna,258,0,DEV_195,2095,11303,0,GREEN (Low Risk)
7989,Delhi,309,4,DEV_101,2779,7569,0,GREEN (Low Risk)
7990,Patna,216,154,DEV_MULE_HUB_99,1,100000,14,RED ALERT (High Risk)
7991,Patna,220,1,DEV_593,1681,6242,0,GREEN (Low Risk)
7992,Patna,357,4,DEV_200,1862,2693,0,GREEN (Low Risk)
7993,Bengaluru,245,1,DEV_185,1280,10302,0,GREEN (Low Risk)
7994,Patna,210,2,DEV_293,142,12118,0,GREEN (Low Risk)
7995,Ranchi,4,4,DEV_635,602,9015,0,GREEN (Low Risk)
7996,Mumbai,193,5,DEV_310,1413,7198,0,GREEN (Low Risk)
7997,Bengaluru,55,1,DEV_536,2788,10090,0,GREEN (Low Risk)
7998,Bengaluru,134,4,DEV_533,2432,6490,0,GREEN (Low Risk)
7999,Patna,142,5,DEV_506,954,7270,0,GREEN (Low Risk)
